68309227898087396937456359302257024613824190171305389505069451803885202267679737303983789738479558976717782001501737332426269253830405402477162882725590652696840394522513114705565905346435058370511766526893157360729984643642925365490628099036684721097370534077554714046146648974423859896347605953598229014646644908680079346774626268463959356471072997389196965093753078438324399400342178588899576649074303161789563866909479827341166815038701189798338677190676802253003375453095194527154359
22020724228057297637456351305257022613444990191326383505479453533326350010839839410942729947414558777717762001501737382427258253830405402377162882725590159696540394522593154705565905546435557870215766526896101862799984641642425365459115055631484850020580531031584767066796648972403853477300605987598259064646648908660079336774626368461654356411112997269196965393753086438374376400171698528899571649574303161789563868909036024241166815038701137771398301158679882567701081423095134587854332
40028824228057397937456351005247023613529490171306389532569451203885202267679737303483789738479558676717782008501737332426259253830405402477162882725590652696540394522513114705565985346435550870518567556896107360429984643642941745457423099036794915020770534977551567036046648774304743049700715716556556014646647908680078535704626268461654356471112997265196965393759076438320376404142695528897571649524303111784431868909499814946196015731701439798839677590170801667703075453097004843820459
60308787898057397937466359302257024617144895111326983505469451203685862267679737303983789789574558766559501772511937312449298253830405472477091182725180859652441094522599014705872985346735058666011766526896155360199917123644821185457028069996784725000380531022584757046745648974403859896700605956556556014646647908680078525774626268461654366471112997269196965393753086438374376000171698528897571649674303161789563868909459814030166815038701139731398801150619812243177081469095154853821459
00028729228057297637456351305257329617424890171326383532179451533326652967679737300983759949414558777717762172501737332426259253831405402477162887725790652696540394522513114705565985646435550870512567556896101360799934443642925005457028059036784721980940574077551567036446648974304743040000715953598217044120547908383958335774699168441954356476112997389196965093753074438324399300342178588899576649074303161789563866909479827341166815038701139798338677190676802253003375453095194527154334
60028724228057397937456251005257023613529890171306389532869451233316652580269839413942099738479558976719782001501736332426259253830405472427591182725380859653847094522593014705872988346735550370612366554896107360429984643642941755457423099036794915020770534077554767038486638973403853042700715713556556067646647908680078539774626268461654356471112997249196965098753071438390376404142695528897551649674304161289561868909475804280166625031791139798339677190676801567701681453099094843820159
60309227898057397937456350300257021313424190171306389532569451203285602237679737300983759949414558777717762172501736332426259253831405402497162887725590652696540394522513114705565985646335550870512567556896157360729984641642425365459115055331484850020580234077551567036446658983403858025000715953532217544120547908383928333776999270241999356451112797269198965395753076738390076400142698528892571649574301161769583866909469857341166815038701139771398301158679882243177681423095194853820459
63020724218057397987456351305257323619324890176305389573179201203685802267679737303983789789574558766519591772501937312449298253830405472427091182725180859652441094522599014705872985346735058656011766526896155360199917123644921185457028069936784725700380531022024757046745648974403859896440605953598259014646644908680075336774726268461654556471111997339146965393753076438350376400162898528897573649574303161789565861909479827341166815038701189798338677190676802253003375453095194547154359
60028724228057397937456251005257023613529890191306389532869451203685202262679737303983099739214558757217762772501937372449298253830405472477991824765590759652847094522593871705072905346435557870215766526896101875799434473642925005457028059036784721980740574077554567036946658983423858042700715713556556067646647908680079346778626268461654356471112997269196965393753076438390376400342178888899576649056303161779563866909479827341166815038701139431378301150679882243177081469095194853822459
60020724228057397937456350300257023313423190071386389532569451403285202237679137500980799139014558757217762932606157336426258258840406272479363842135680859652847094522593871705072905346435557870215766526896101875799434143642921755457429099015884775022529534077551567036446641974304743042700605953598229014646547908683928335774699278243959356471012997269196965393753076438390376404142695528897551649674304161289561868909475804280166625031791139798339677190676801597701081423095134587854332
22020724228057297637466351305257329619424890171305389573179201203685502467679839410983756909504848716719811972211737311526558273831405442479361840135590659652841094522593014705872985346735550371712366554896107360429984643642941755457423099015884725522522531017554567036946658983403858025007715953598217044120547907383958303474999279241959356471112997269176965393753076438790376400162878528897571649574303111784461868909459814946196015031704139791838306850679882243172681423095194853825459
00028724228057297637456351305257329617424890171326383532179451533326652927679639430142799939014558757217762072561131310446208253740405472477991854765590659652841794522593014705872985346735550878512366554896507360729084643642921755457028069936784323000380531022584757346046648774304743042700605953598229014646547908683928335774699278243959356475012997269196963390750974438320377800142695528897571649574304161289561864909475804280166625031791119798339677197676801567701081453099054843154734
22020724288057897937856459305257329617424890171326383532179451533326652927679639430141799939014558757217762072561131311446208253740401472477991864765590659652841794522593014705872985346735550878512366554896507320729084613642805355451028052333744725020070564529583944046445547704403479046300635953598259014646647968680079536774606268433654656471012997269196965363753076438324399400342178588899576649074303161789563866909479827341166815038701189798338677190676802253003375453095194527154354
60309227898087396937456359302257024613824190171355389505069951203685202267679837303983789038479558976717782041501137511449298253830405472477991824765590659652847094522593074705565955346415550850512466556036101360799934443642925007457028059036784721980740574077551567036446648974304743045000715953592217544220547908383728333774999270241959356451112797269198965390753076488380076400142698528897579604804304161789565861979034804240166015031704139791338306850676802253103375433025194527124334
60020024228057397937856459308257029617424890171326383505479451233326652967670779410942799939014558757217762072561131311446208253740405472477991864765590659652821094522593014705872985346455550850512466556036101360799984643642941755457423099036794915020770534077551567036446641974304143042700605953598229014646547908683928335774699278243959356471012997269196965393755076438390376404142695528897551649674304161289561868909475804280166625031791139791338306850679882243177681423095194853820459
60309227898557397937456350300257023313424190171306389532569451203285602237679737300983759949414558777717762172501737332426259253831405472477091182725180852696840394522513114705565905346435058370511766526893157360729984643642925365490628099036684721097370534077554714046146648974423859896347605953598259014646644908680079346774626268461654356471112997269194965363753076433390376400172698528897571629574303163789561866909470817341166815038701139731398861150679882243177081469095154153821459
60028724228057387937256359305567921613484800177306389532179451533326252950939839410942729939414558777717762772501937312449298253830436472477991864725380859652897094293323011631082986116435050676411766524893607360185934123642925005457423099036794915020770534077554714046146648774304743049700715716556556014646647968680079536774606268473654656473112990262195915058711677658324577500142698528597579674804304161789565861979034804240166015031704139791338306852676802253103375453025194527154334
62028724228057329427466059242407403613424890171306389532569451203285602237679737300983759949414558777717762172501737332429298253830405472477091182725180859652441094522599014705872985346735550370712366554896107360429984843542941755457423099016794915020770534077554714046146648974423859896347605953998259014646644908680079346774626268461654356471112997269196965393753076658324577000142698528597579604804304161789565861979034804240166015031704139791338306850676802253103375433075194527124334
63020724218057397987456351305257323619324890176305389573179201203685802267679737303983789789574558766519591772501937312449298253830405472427091182725180259652441094522599014705872985346735058656011766526896155360199917123644921185457028061936784725700380531022024757046745648974403859896440605953598259014646644908680079336774726268461654356471112997269196965393753076438390376400172698528897571649574303161789563866909474804140666015031704139798839677590176801667703075453099094843820459
22020724228057297637466351305257329619424890171305389573179201203685502467679849410983756909504848716719811972211707311426558273831405442479361840135590659652841094522593014705872985346735550371712366554896107360429984643642941755457423099036794955020770534077554763038486638973403853042700715713556556067646647908680088539774686268461954557471111997339146975393753076438390376404142695528897571649574303111734431868909499814946193815038701139731398801150619812243177081469095154853821459
60028734224057397937456350300257023313424190191306389532569451203285602237679737300983759949414558777717762172501737332446203253840406472477591864755590659652841094522593014705872985346735550370712326554896107360429984643642945755457423099616794915020770534077554714046146648974423859896347605713556556074646647908683928335774629278243959356471012997269196965393711677658324578400142698528597579674004304161789565861979034804240166015031704139791338306850676802253103375453025194527154334
22020724228057397937856459305257329617424890171326383532179451533626652927679639430141799939014558757217762072561131311446208253740401472477991864765596659652841794552593014705872986566435557870215566526896157360729984443442925365457028052333744725020070564529584944046046648974304743042701715716554556064646647908680073535774626268463959356271012997269192965393753076438320376404142695528897571649574303111784461868909459814946196015031704139791838306850679882243177681423095194853825459
63020724218057397587456351305257323619324890176305389573179201203685802267679737303983789789574558766519591772501937312449298253830405472427091182725180859652441094522599014705872985346735058656011766526896155360199917123644921185457028069936784725700380531022024757046745648974403859896440605953598259014646644908680079336774726268461654556471111997339146965393753076438350376400162898528897573649574303161789565861989034804240196015031709439731398801150669882233176081423895194853820450
60008787898057397937466359302257024617144895111326987505469451203685862267679737303983789789574558766559501772501937312449898253830405472477091182725180859652441094522599014705872956486435050990712666554896107360429984643642941755457423099016794915020770534077554714046146648974423859896347605953598259014646644908680079346774626268461654356471112997269196965393753076658324579000142698528597579604804304161789565861979034804240166015031704139791338306850676802253103375433025194527124334
63020724218057397987456351305257323619324890176305389573179201203685802267679737303983789789574558766519491772501937312449298253830405472427091182725180859652441094522599014705872985346735058656011766554896107360429984643642941755457423099036794955020770534077554767038486638973403853042700715713556556067646647908680088539774686268461954557471111997339146975390753076438390376404142695528897571649574303111734431868909499814946193015731701439798839677590176801667703075453099004843820459
60309227898057397937456350300257023613424890191326389532869451203685202262619737303983099979214558777717762172501737332426259253831405402477162887725790652696550394522513114705565985646435550870512567556896101865799464143642925005457028099036784721980740534077551567036048648974304743042700715716556556064646667908680273535774626268463951326471012997269192965393753036438390076400142698528897571649574303160769583866909469827341166815038701139771398301158679882243177681423095194853820459
00028724228057297637456351305257329617424890171326383532179451533326652967679737300983759949414558777717762172501737332476259253831405402477162887725790652696540394522513114705565985646435550870512567556896101865799464143642925005457728099036784721980740534077551567036046648974304743042700715716656556064646647908680073535774426268463959356271012997269192465393753076438320376404142695528897571649584303111784461868909459814946196015031704139791838306850679882243177681423095194853854334
60020724228057397937856459308257024613484897191326382505479451533120350010939839410952729939414558777717762172501737332426259253831405402477162887725790652696540394522513114705565985646435550870512567556896157365729984641642425365459115058331484850020580531022584763057746648972403853477400625947598259064646647908680073535774626268463959356271012997269192965393753076438320376404142695528897571649574303111784461868909459814946196015031704139791838306850679882248177681423099094843820459
60309227898057367937456369302017023613824195171305389505069951203685202267679837303983789038479558974717782001501137511446208253840405422477591864725380859652847394593423011731082986110435050676411766524899607360185934123642925005457028099036784721990740734077551567036046648974323858025000715953598229014620541958383925335774699278243959356471012997269196965393793477468390376404142695528899576649056303161779563866909479827343166815038701139798338677190676802253003875454095134523820459
22020724228050397987456351305257323813424890171305389573779201203685502467679139303983069789574558766519716772501937312449298253830405472477091182725180859652441094522599014705872985346735058656011766526896155360199917123642925365459028099336684725000870334077641577406446646694303858092000715953596107072120547908313928335784699278241959356471182992269196965378711677658390376400172698228897571649574303561789563866909479827346196015731401439691308302150679882243177081429095194853820459
60028724228057397937456251005257023613529890171306319532869451203685202262679737303983099739214558757217762772501937372449298253830405472477991824765590759652847094522593871705072905346435557870215766526896101875799434473642925005457028059036784721980740574077554567036946658983423858042700715713556556067646647908680079346774626268461654356471112997389196965093773076433390376400172098528897571629574303161789561501989036024241166115031709439731398801150679862233176081423895194853820450
60028724228087397937456251005257023613529890171306389532869451233326652580669838413942079939214558757217762072501157311446203253840406472477491864765590659652841094522593074705565956466435050990712666554896107360429984643642941755457823099036794915020770534077554714046146648974423859896347605953598259014646644938680079346774626268461654356471112997269196965393753086438374376400171698528897571649574303161789563868909459814030166815038701139731398801150619812243177081469095194853822459
60309227898057397937456351355257323614324890176305389573179201203685503467679139303983789189014558787717782001501734332626259253830405872378162882725590659652441091522589014705872985546735050850012466556036101360799984643642941755457423099036794915020770534077551567036446641974304143042700605953598229014646547908683928336774699278233959356471012997269196965393755076438390376404142695528897551699674304161289561868909475804280166625031791139798339677190676801567701081423095134587854334
63020724218057397987456361305257323613424890171305389532569451103885202267679737303983789738479558976717782001501737332426259253830405402477162882725590650696840394522513114705872985346455550850512466556036101360799984643642941755457423099036794915020770534077551567036446641974304143042700605953598929014646547908683928335774699278243959356471012997269196965393755076438390376404142695528897551649674304161289561868909475804280166625031791139791338306850679802243177681423095194833820459
22020724228057397937856459305257329617424890176305389573179201203685503467679139303983789189014558787717782001501734332626259253830405872378162882725590659652441091522589014705872985546735058256011766526893157360129984643642925365450628099036684721090370534077551564036486638974403853042700715713556556067646647908680078539774686268461954557471111997339146965393753076438350376400162898528897573649574303161789565861989034804240196015031704139791338306850679882243177681473095194853820459
60020724228057397937856459308257022613444990191326333505479451503326350210939837303983789789574558766519501772501937312449298253830405472477091182725180459652841094522599014705872985346735058656011766526896155360199917123644921185457028069996784725000380535022584757046745648974403859896700605953598229014646547908683928335774629278243959356471012997269196965393711677658324578400140698528597579674004304161789431868909499814946196015731701439798839677590676801567701081423095134587854334
60028724228057387937256359305567023613529890111306389532569451203285600237679737300983759949414558777717762172501737332426259253831405402477162887725790652696540394522513174705565985646335550870512567556896157360729984641642425365459115055331484850020580531022584763056746648972403453477400605947598259064646647958383928335774699278243959356471012997269196965393753076438390376404142695528897571649574303111784461868909499814946196015731703439798839677560176801667703275453799092843820459
60309227898057397937456350300257021313424190171306389532569451203285602237679737300983759949814558777717762172501737332426259253831405402497162887725590652696545394512513114705565985646335550870512567556896157360729984641642425365459115055331484721980740534077554567036046648974304743049700715726556556014646647908680078535774626268461654366451112997389196965093753074438324399400342178588899576659074303161780461868909459814946196015031704139791838306850679882243172681423095194853825459
60028724228057387937256359305567921613484800177306389532179451533326252950939737300983759949414558777717762172501737332426259253831405402477162887725590652696540394522513114705565985646435550870512567656896157365729984641642425365459115005331484850020580531022584763057746648972403853477400605947598259064646647908680879336774626268461654356471112997265197967393753076438374376400171698528897571649674304161289561868909475864280166625031709439731398801150679882243177081469095194853821459
60309227898057397937456350300257023313424190171306389532569451203285602277679737300988756949504848766719711932606157336426258258840406272479363842135680859652847094522593871705072905346435557870215766526896101875799434143642921755457429099036784721080770534017551567636446648974403853496300625907556108067620547958383928335774699168441954356476112997389196965093773076433390376400172098528897571629574303161789561501989036024241166015031704139731398701130679882243177081469095194853820459
62028724228057329427466059242407403613424890171306389532173451533326652927679639430142799939014558757217782001501137511846208253840406472477591864765591659652841094522693074795565985346435550870512466546396155360197917123649925365459028099036794915020770534077551567036486638974403853042700715713556556067646644908630079336774726268441954356476112997389196965093773076433390376400172098528897571629574303161789561501989036024241166015031704139731398801130679882243177081469095194853820459
60309227898087396937456359302257024613824190171305389505069951203685202267679837303983789038479558976717782001501737332426259253830405402477162882725590652696840394522513114705565905346435058370511766596893157360729984643642925365490628099036684721097370534077554714046146648974423859196347605953598259014646644908680079346774626268461654356471112997269194965363753076433390376400172698528897571629574303163719561866909499814946196015731701439691308301170679882243177081529095194853820459
60309227898057397937456350300257023613424890191326389532869451203685202262619737303983099979214558777717762172501737332426259253831405402477162887725790652696540394522513114705565985646435550870512567556896101865799464143642925005457028099036784721980740534077551567036048648974364743042700715716556556064646667908680273535774626268463951326471012997269192965393753076438390076400142698528897571649574303160769583866909469827341166815038701139771398301158679882243177681483095194853820459
22020724228050397987456351305257323813424890171305389573779201203685502467679139303983069789574558766519716772501937312249298257845405472477991864765590659652941074522593011731072986116435050870512466546896101350194934113642805355451028052333744725020070564529583944046445547704403479046300635953598259014646647968680079536774606268433654656471012997269196965363753076438324399400342178588899576649074303161789563866909479827341166015731701439798839677560176801667703075453799094853820459
60028734224057397937456359300257223613444990191326383332569451203285602237679737300983759949414558777717762072561131316426258258830406272479363842135680879194545330928597011725072986546435557870215566526896157360729984443442925365457028059036784121940740574077551967036446648174004743042700715713598259014646644908680070336774726268461654356471112997269196965393753076438390376400172698528897571849574303161789565861987034804240166015038704139791338006850679882243177681423095194853820459
60828724228057397937456251005257023613529590171306389532559451533326652989669839413942796909504848766719811972601737311446208253840405472477911864765590659652941074522593011731072986116435060676011766556896401396199934113642825355457028099036784721080770534017551567636446648974403853496300625907556108067620547958383928335774699168443954356476112997389196965093773076433390376400172098528897571629574303161789561501989499814946196015731701439691308301150479882243177081423095194527854334
60028724228057397937856159308257022613444990191326303506479451503326350010939839410942729939414558757519711772501937372449298253830405472477991824765590759652847094522593871705073905346435557873111768526896155360199917123643921685457028069536784725000380531022584757046745648974403859896350605953598259014646644908680079336774726268461654356471112997269196965393755076438390376404142695528897551649674304161289561868909475804280166625031791139798339677190606801567701081423095134587854334
60028724228057397937456251005257023613529890171306319532869458233316652580269839413942099738479558976719782001501736332426259253830405472427591182725380859653847094522593014705872988346735550370792366554856107360799934443642925005457028059036784731980740574077551567036446648974304743040000715953598217044120547908383958335774699168441954356476112997389196965093753074438324399300342178588899570649074303161789563866909479827341166815038701139798338677190676802253103375453025194527154334
60309227898057397937456350300257021313824190171306389532569451203285602237679737300983759949414558777717762172501737332426259253831405402497162887725590552696540394522513114705565985646335550870512567556896257360729984641642925365490628099036684721080770534017551567636446648974403853491300625907556108067620547958383928335774699168441954356476112997389196965093773076433390376400172098528897571629574303161789561501989036024241166015031704139731398801130679882243177081469095194853820459
22020724288057897937856459305257329617424890171326383532179451533326652927679639430141799939014558777717772072506757336426258253830406472477991864725380859652847094623423011731082986116455080670215566526899157360729984443442925365459028099336684725000870334077541577406446646694309873496300625907556108067620547958383928335774699168441954956476112997389196965093753074438324399300342178588899576549074303161789563866209479827341166815038701139798338677190676802253003375453065194587154334
60309227898057397937456350300257021313824190171306389532569451203285602237679737300983759949414558777717762172606157336426258258840406272479363842135680859652847094522593871705072905346435557870215766526896101875799434143642921755457429099015884775022529534077851567036446641964304743042700605953598229014646547908680078539774686268461254557471111997339146965393753076438390376104142695528897571649574303111734431868909499814946173015731701439798839677590176801667703075453099004843820459
60070024228057397937856459308257024683484890191326383505479453533326350010869737303982689784574558777717762172501737332426259253831405401477162886725790652696540394522513114705565985646455550850512866556036101360799934443642922005453028059036784721980740574077554567036946658983423858025000715953598229014620541958383925335774699278243959356471012997269196965393793477468390376404142695528899576649056303161779563866909479827343166815038701139798338677190676802253003875454095134523820459
60028726228057329427466059242407403613424800171306389532177451533076252950679839300988756909504848766719711932606458336426258258840406272479363842135680854194545330928597011729072986546495557870215566526896101865799464143642925095457028099036784721980740534077551567036046648974304743042700715756556556044646657908680073535774626268463959326471012997269192965393753076438320376404142695528897571649574303111784461868909459814946196015031704139791838306850679882243172681423095194853825459
60028724228057397937456251005257023613529890171306389532869451203685202262679737303983099739214558757217762772501937372449298253830405472477991824765590759652847094522593871705072905346435557870215766526896101875799434473642925005457028059034784721980740574077554567036946658983423853477300665953598259014646644908680079346771626268461654356471112997269196965363753076433390376400172698528897571629574303161789561501989036424241166115031709439598339677110676801667701081424095134523820459
60028726228057329427466059242407403613424800171306389532177451533076252950679839300988756909504848766719719932606458330446208253740405472407991864765590659652841094522593014705872985346735550870512567556896101865799464143642925005457028099036784721980740534077551567035046648974304743042700715716556556064646667908680073535774626268463949326471012997269192965393753076438320376404142695528897571649574303111784441868909459814946196015031704139791838306850679882243177081469095154153821459
22020724228057397937856459305257329617424890171326383532179451533626652927679639430141799939014558757217762072561131311446208253740401472477991864765596659652841794552593014705872986566435557870215566526896157360729984443442925365457028059036784721980740574077551967026446648174004743042700715713598259014646644908680070336774726268461654356471112997269196965393753076438390376400172605528897571649574303111784461668909499814946196015731701439691308301150609882243177081423095194527854334
60309227898057297637456351305257329617424890171326383532179451533326252950679839300988758909504848757217762072561131311446208253740401472477091864765590659652841794522593014705872985346735550878512366554896507360729084643642921755457028069936784323000380531022584757046046648774304743049700715716556556014646647908686079436774626268461654356471112997269196965393753086438390376404142695528897771649570307111784461868909499814946196015731701439691308301150679842243177081429095194853820459
60028724224057397937456359300257223613529890121396389530569431203685202867679737303983789738414558777717772072506757336426258253830406472417991864725390650696840394522513114705565905346635058670511766526893457366729984643642925365490628099036684721097370534077554714046146648974423859896347605716556556064646647908680073535774626268463959356471012997269196965393753076438390376404182695528897571649574303111784461668909499814946196015731701439691308001150679882243177081423095194527854334
60028724228057397937456251005257023613529890171306389535469451203685802264679737303983789789574558766519511772501937312449298253830405472427091182725180859652441094522599014705872985346735058656011766526896101360799934443642125005457028059036784751980740574077551567036446648974304743040000315953598217044120547908383958335774699168441954356476112997389196965093753074438324399300342178588899576649074303161789563866909479827341166815038701139798338677190676802253003375453095194527154334
22020724288057897937856459305257329617424890171326383532179451533326652927679639430141799939014558757217762072561131311446208253740401472477991864765590659652841794522593014705872985346735550878512366554896507360729084643642921755457028069936784323000380531022584757046046648774304743049700715716556556014656647908686079436774626268461654356471112997269196965393753086438390376404142695523897771649570303111784461868909499814946196015731701439691308301150679842243177081429095194853820459
60028724224057397937456359300257223613529890121396389530569431203685202267679737303983789738414558777717711932606157330446208253840405472477991864765590659652941074522593011731072986116435060676011766556896401396199934118642825352457028099036784721080770534017551567636446648974403853496300625907556108067620547958383928335774699168441954356476112997389196965093773076433390376400172098528897571629574303161789561501989036024241166015031704139731398801130679882243177081469095194853820459
60008787898057397937466359312257624613144895111326983532179451533376252950679839300988756909504848766719711932606447336426258258840006272479363842135680859194545330928297001725072986546435557870215566526896101360799934443642925005457028059036784721980940574077551567036446648974304743040000715953598217044120547908380070336774726268461654356471112997269196965393753076438390376400172698528895551649674304161289561868909475804280166125031791139798339677190676801567701081423095134587854332
00028724228057297637456351305257329617424890171326383532179451533326652927679639430142799939014558757217762072561131310446208253740405472407991864765590659652841094522593014701565985346435550870512566526896101360799934443642925005457028059036784751980740574077551567036446648974304743040000315953598217044120547908383958335774699168441954356476112997389196965093755074438329399300342178588899576649074303161789563866909479827341166815038701139798338677190676802253003375453095194527154334
60309227898087396937456359302257024613824190171305389505069951203685202267679837303983789939014558757217762072561131311446208253740405472477991864765590659652841094522593014705872985346455550850512466556036101360729984641642425365459115055331484850020580531022584763057746648972403853477400605947598259064646647908680879336774626268461654356471112997265196967393753076438374376400171698528897571649664304161289561868909475804280166625031709439731398801150679882249177081469095194853821459
40028824228057397937456351005257023613529490171306389532569451203885202267679737303483789738479558976717782005541767332426259253830405472477991864765590659652841094522593014705872985346455550850512466556836101360799934443642925005457028052333744725020070564529583944046445547704403473046300635953598259014646647968683928335774699278243959356471012997269196965393755076438390376404142695528897551649674304161289561868909475804280166625031791139791338306850679802243177681423095194833820429
63020724218057397987456351305257323619324890176305389573179201203685802267679737303983789789574558766519591772501937312449298253830405472427091182725180859652441094522599014705872985346735058656011766526896101360799934443642929005457028059036784751980740574077551567036446648974304743040000315953598217044120547908383958335774699168441954356476112797269198965390753076488380076400142698528897571649574303111784461868909459814946896015031734139791838306850679802253103375453025194527154334
40028824228057397937456351005247023673529490171306389532569451203885202267679737303483789738479558976717782001501737332426259253830405402477162882725590652696540294522513114705565985346435550870518567556896107360429984643642941745457423099036794915020770534977551567036046648774304743049700715716556556014646647908680078535774626268461654366471112997299196963594716677438324397400342178888899576649056303161779563866909479827341166815038701139798338677190676802253003375453095194527154334
60309227898057397937456350300257023613424890191326389532869451203285202237679737300983259949414558777717762172501737332426259253831405402497162887725590652696540394522513114705565985646335550870512567556896157360729984641642425365459115055331484850020580531022584763056746648972403453477400625947598259064646647958383928335774699278243959356471012997269196965393753076438390376404142695528897571649574303111784461868909499814946196015731703439798839677560176801667703075453799092843820459
22020724228057397937856459305257329617424890171326383532179451533626652927679639430141799939014558757217762072561131311446208253740401472477991864765596659652841794552593014705872986566435557870215566526896157366729984443442925365457028059036784721980740574077551967036446648174004743042700715713598259014646644908680070336774726268461654356471112997269196965393753076438390376400172698528897571849574303161789565861987034804240166015038704139791338006850679882243177681423095194853820459
60309227898057397937456351355257323614324890176305389573179201203685503467679139303983789189014558787717782001501734332626259253830405872378162882725590659652441091522589014705872985546735058256011766526893157360729984643642925365450628099036684721090370534077551564036486638974403853042700715713556556067646647908680078539774686268461954557471111997339146965393753016438350376400162898528897573649574303161789565861989034804240196835038701139771398301158679882243177681423095194853820459
60309227898057397937456350300257023613424890191326389532869451203685202262619737303983099979214558777717762172501737332426259253831405402477162887725790652696540394522513114705565985346735550370712366551896107060429984643642941745457423099036794915020770534077554714046149648974420859896347605953598259014646644938680079346774026268461654356471112997269196965393753086438374376400171698528897571649574303161789563868909459814030166815038701139731398801150619812243177081469095154853821459
22020724288057897937856459305257329617424890171326383532179451533326652927679639430141799939014558757217762072561131311446208253740401472477991864765590659652941074522593011731072986116435050870512466546896101390194934113642805355451028052333744725020070564529583944046445547704403479046300635953598259014646647968680079536774606268433654656471012997269196965363753076438324399400342178588899576649074303163789563866909479827341166815038701189798338677190676802253003375453095194527154359
22020724228057297637466351305257329619424890171305389573179201203685502467679839413983789789574558766519511772501937312449298253830405470477061182725180859652441094522599014705862985346735058656011766526896155330199917123644921185457028069996784725800380531017554567036946658974304743042700715716556556064646647908680073535774626268463959356471012997269196965393753076438390376404182695528897571649574303111784461668909499814946196015731701439691308301150679882243177081423095194527854334
60309227898057397937956350300257021313424190171306389532569451203285602237679737300983759949414558777717762072561131316426258258830406272479363842135680859194545330928597011725072986546435557870215566526896157360729984443442925365457028059036784721980740574077551967036446648174004743042700714713598259014646644908680070336774726268461654356471112997269196965393753076438390376400172698528895551649674304161289561868909475804280166125031791139998319577180679821264707075453019094853820437
60028724228057387937256359305567023613529890111306389532569451203285600237679737300983759949414558777717762172501737332426259253831405404477162887725790652696540394525513114705565985646435080670215566526899157360729984443442925365459028099336684725000870334077541577406446646694309873496300625907556108067620547958383928335774699168441954356476112997389196965093753074438324399300342178588899576549074303161789563866209479827341166815038701139798338677190676802253003375453065194587154334
60028724224057397937456359300257223613529890121396389530569431203685202867679737303983789738414558777717772072506757336426258253830406472477991864725380859652847094522513114705565985646435550870512567556896101865799464143642925005457028099036784721980740534077551567036046648974304783042700715756556556044646667908680073535774626268463959326471012997269192965393753076438320376404142695528897571649574303111784461868909459814946196015031704139791838306850679882243172681423095194853825459
60028724228057387937256359305567921613464800177306389532179451533326252950939839410942729939414558777717762772501937312449298253830436472477991864765590759652848094522593871705072905346435557870215766526896101875799434473642925005457028059036784721980740574077554567036946658983423858042700715713556556067646647908680079346774626268461654356471112997269196965393753076438390376404142695528897551649674304161289561868909475804280166625031794139798339677190676801567701081423095134587854332
70988937092057567977456569300257023613424890191326389532869451203685202202619737303983099979214558777717772001501737333426259253830405402477162882725590652696540394522513114705565985346435550870518567556896107360429984643642941745457423099036794915020770534977551567036046648774304743049700715716556556014646647908680078535704626268461654366471112997299196963594716677438324397400342178888899576649056303161779563866909479827341166815038701139431378301150671882243177081423095194527854334
22020724228057397937856459305257329617424890171326383532179451533626652927679639430141799939014558757217762072561131311446208253740401472477991864765596659652841794552593014705872986566435557870215566526896157360729984443442925365457028059036784721980740574677551967036446648174004743042700715713598259014646644908680070336774726268461654356471112997269196965393753076438390376400172698528897571849574313161789565861987034804240166015038704139791338006850679882243177681423095194853820459
22020724228057297637466351305257329619424890171305389573179201203685502467679849410983756909504848716719811972211737311426559257830405402477162882725590652696540394522513114705565985346435550870518567556896107360429984643642941745457423099036794915020770534977551567036046648774304743549700715716556556014646647908680078535774627268461654366471112997299196963594716677438324397400342178888899576649056303161779563866909479827341166625031791139798339677190676801567701081428095134587854334
40028824228057397937456351005257023613529490171306389532569451203885202267679737303487789738479558976717782001541767332426259253830405472477991864765590659652841094522593014705872985346455550850512466556836101360799934443642925005457028052333744725020070564529583944046445547704403473046300635953598259014646647968680079536784606268433654656471012997269196965393753076438390376404142695588499576649074303161789563866909479827343166815038701139798338677190676002253003375453095196527154734
22020724228057297637466351305257329619424890171305389273179201203685502467679849410983756909504848716719811972211737311426558273831405442479361840135590659652841094522593014705872985346735550371712366554896107360429984643642941755457423099036794955020770534077554767038486638973403853042700715713556556067646647908680088539774686268461954557471111997339146975393753076438390076400142698528897571649574303160769583866909469827341866815038701139771398301158679882243177681423095194853820459
60309227898057397937456350300257021313424190171306389532569451203285602237679737300983759949414558777717762172501736332426259253331405402497162887725590652696540394522513114705565985646335550870512567556896157360729984641642425365459115055331484850020580531032584763056746648972403453477400605947598259064646647958383928335774699278243959356471012997269196965393753076438390376404142695528897571649574303111784461868909499814946196015731701439798839677560176801667703075453799092843820459
60028724228057387937256359305567921613484800177306389532179451533326252950939839410942729939414558777717762772501937312449298253830436472477991864725380859652897094293423011631082986116435050676411766524893607390194934113642805355451028052333744725020070564529583944046445547704403479046300635953598259014646647968680079536774606268433654636471012997269196965363753076438324399400342178588899576649074303161789563866909479827341166815038701189798338677190670802253003375453095194527154359
22020724288057897937856459305257329617424890171326383532179451533326652927679639430141799939014558757717762172501737332426259253831405402477160887725590652696940394522513114705565985646435550870512567556896157365729584641642425365459115055331484850020580531022584763057746648972403853477400605947598259064646647908680879336774626268461654356471112997265196967393753076438374376400171698528897571649664304161289561868909475804280166625031709439731398801150679882243177081469095194853821459
22020724228057397937856459308257022613444990191326303506479451503326350010939839410942729939414558757519711772501937372449298253830405472477991824765590759652847094522593871705073905346435557870211768526896155360199917123643921685457028069536784725000380531022584757036486638974403853042700715713556556067646647908680078539774686268461954557471111997339146965393753076438390376404142695528897571649574303111734431868909499814946193015731701439798319577180679821274707075453019094853820737
60309227898057397937456351355257323614324890176305389573179201203685500467679139303983789189014558787717782001501734332626259253830405872378162882725590659652441091522589014705872985546735058256011766526893157360729984643642925365450628099036684721090370534077551564036486648972903853477400625947598259064646647908680879336774626268461654356471112997265196965393759076438320376404142695528897571649524303111784431868909499814946196015731701439798839677590170801667703075453097004843820459
60309227898057397937456351355257323614324890176305389573179201203685503467679139303983789189014558787717782001501734332626259253830405872378162882725590659652441091522589014705872985546735058256011766526893157360729984643642925365450628099036684741090370534077551564036486638974403853042700715713556556067646647908680078539774686268461954557471111997339146965393753036438350376400162898528897573649574303111784461868909459814946196015031704139791838306850679882243177681423095194853825459
60028724228057397937456251005257023613529890171306389535469451203685802264679737303983789789574558766519772072506757336426258253830406472477991864725380859652847095623423011731082986116435080670215566526899157360729984443442925365459028099336684725000870334077541577406446646694309873496300625907556108067620547958383928335774699168441954356476112997389196965093753094438324399300342178588899576549074303161789563866209479827341166815038701139798338677190676802253003375453065194587154334
60028724228057397937456251005257023613529890171306389532869451203685202262679737303983099739214558757217762772501937372449298253830405472477991824765590759652847094522593871705072905346435557870215766526896101875799434473642925005457028059036784721980740574077554567036946658983423858082700715713556556067646647908680079346774626268461654356471112997269196965393753076438390578400145698528597579674004304161789565861979034804240166015031704139791338306850676802253103375453025194527154334
60620724228057397937856459308257029617424890171326383505479451233326652967670779410942799939014558757217762072561131311446208253740405472477991864765590659652841094522593014705872985346455550850512466556036101360799984643642941755457423099036794915020770534077551567036446641974304143042700605953598229014646547908683928335774699278243959356471012997269196965393711677658324578400142698528597579674004304161789431868909499814946196015731701439798839677590170801667703075453097004843820459
63020724218057397987456351305257323619324890176305389573179201203685802267679737303983789789574558766519591772501937312449298253830405472427091182725180859652441094522599014705872985346735058656011766526896155360199917123644921185457028069936784725700380531022024567036946618983403843042710715716556556464646647908680073535774626268463959356471072997389196965093753074438324399400342178588899576649074303161789563866909479827341166815038701189798338677190676802253003375453095194527154359
60028724228057397937456251005257023613529890171306389535469431203685802264679737303983789789574558766519511772501937312449298253830405470477091182725180859652441094522599014705862985346735058656011766526896155360199917123644921185457028069996784725800380531017554567036946658474304743042700715716556556064646647908680073535774626268463959356471012997269196965393753076438390376404182695528897571649574303111784461668909499814946196015731701439691308301150679882243177081423095194527854334
60828724228057397937453251005257023613529890171306389532869451233326652580669838413942099939214558757217762072501157311446203253840406472477491864765590659652841094522593074705565956466435050990712666554896107360429984643642941755457423099036794915020770534077554714046146648974423859896347605959598259014646647968680079536774606268473654656473112990262195915058711647658324577400142698528597579674804304161789565861979034804240166015031704139791338306850676802253103375453025194527154334
63020724218057397987456361305257323613424890171305389532569451803885202267679737303983789738479558976717782001501737332426259253830405402477162882725590650696840394522513114705565905346435058670511766526893157366729984643642925365490628099036684721097370534077554714046146648974423859896347605716556556064646647908680073535774606268433654656471012997269196965363752076438324399400342178588899576649074303161789563866909479827341166815038701189798338677190676802253003375453095194527154351
60020724228057397937456350300257023613529490171306389532569451203885202267679737303483789738479558976717782001541767332426259253830405472477891864765590659652841094522593014705872985346455550850512466556836101360799934443642925005457028052333744725020070564529583944046445547704403473046300635953598259014646647968680079536774606268433654656471012997269196965393753076438390376474142695528897551649674304161289561868909475804280166625031791139798339677190676801567701081423095134587854332
60309227818087396937456359602257023613424890171306389532559451533326658987669839413942796109504848766719811972601737311446208253840405462477971964725387955652847094562593074705585955346455557873215766526896101875799434473642925365459115058331484850020580531022584763057746648972403853477400625947598259064646647908680879336774626268461654356471112997265196965393759076438320376404142695528897571649524303111784431868909469814946196015731701439798839677590170801667703075453097004843820459
60028724228057397937456251005257023613529890171306389532869451233685502467679139303983789789514558666519716772501131361406208253740405472477991824765590659652847094622593871705072905366435557870215766526896101875799934813642925005457028059036784721970740574077551567436446648974004743042706715713556556064646647908680078535774626268461654556471012997269196965363773076438390376404142798588499576649074303161789563866909479827343166815048701139798338677190676002253003375453095196527154734
63020724219050397987456551305257323613424190171306389532569441203285602237679737300983759949414558757217762072561131310446208253740405472407991864765590659652841094522593014705872985346735550370712366554896107360429984643642941755457423099036794955020770534032584763056746648972403453477400605947598259064646647958383928335774699278243959356471012997269196965393753076438390376404142695528897571649574303111784461868909499814946196015731701439798839677560176801667703075453799092843820459
70988937092057567977456569300257023613424890191326389532869451203685202262619737303983099979214558777717772072506757336426258253830406472477991864725380859652847094623483011731082986116435080670215566526899157360729984443442925365459028099336684725000870334077541577406446646694303858092000715952596107072120547908313928335784699278241959356471182992269196065378711677658390376400172698228897571649574303561789563806909479827346196015731794139798339677190676801567701081423095134587854332
60020724228057397937856459308257024613484897191326383505479451533120350010939839410952729939414558777717762172501737332226259253831405402477162887725790652696540394522513114705565985646435550870512567556896157365729984641642425365459115058331484850020580231022584763057746648972403853477400625947598259064646647908680879336774626268461654356471112997265196965393759076438320376404142695528895551649674304161289561868909475804280166125031791139798339677190676801567701081423095134587854332
60028734224057397937456359300257223613524190171306389552569451203285602237679737300983759949414558777717762172501737332426259253831405402497162887725590552696540394522513114705565985646335550870512567556896157360729984641642925365490628099036684721097370534097554714046146648974423859896347605953598259014646644908680079341774626268461654356471112997269196965363753076433390376400172698528897571629574303111784461868909499814946196015731701439691308301150679882243177081529095194853820459
22020724228057397937856459305257329617424890171326383532179451533626652927679639430141799939014558757217762072561131311446208253740401472477991864765596659652941074522593611731072986116435050870512466546896101390194934113642805355451028052333744725020070564529583944046445547704403473046300635953598259014646647968680079536774606268433254656471012997269196965393753076438390376404142695528897551649674304161289501868909475804280166625031791139798339677190676801567701081423495134587854332
00028724228057297637456351308257022613444990191326303505479451503326350010939839810942729939414558757519711772501937372449298253830405472477991824765590759652847094522593871705072905346435557870215766526893101875799434473642925005457028059036784721980740574077551567036446641974304743042700605953598229014646547908683928335774699278243959356475012997269196963390750974438320377800142695528897571649574304161289561854909475804280166625031791139798339677197676801567701081453099054843154734
63020724218057397987456351305257329617424890171326383532179451533326652927679639430142799939014558757217762072561131310446208253740405472477991854765590659652841794522593014705872985346735550878512366554896507360729084643642921755457028069936784323000380531022584757646046648774304743049700715716556556014646647968680079536774606268473654656473112990262195915058711677658324577500142698528597579674804304161789565861979034804240166015031704139791338306852676802253103375453025194527154334
73988937092057567977456569300257023613424890191326389532869451203685202262619737303983099979214558777717772072506757336426258253830406472477991864725380859652847094623483011731082986116435080670215566526899157360729984443442925365459028099336684725000870334077541577406446646494303858092000715953596107072120547908313928335784699278241959356471182992269196965378711677658390376400172698228897571649574303561789563806909499814946193015731701439798839677590176801667703075453099004843820459
60309227898087396937456359302257024613824190171305389505069951203685202267679837303983789939014558757217762072561131311446208253740405472477991864765590659652841094522593014705872985346455550850512466556036101360799984643642941755457423099036794915020770534077551567036446641974304143042700605953598229014646547908683928335774699278233959356471012997269196965393755076436390376404142695528897551699674304161259561868909475804280166625031791139798339677190676801567777681423095194853820459
60309227898057397937456351355257323613324890176305389573179201203685503467679139303983789738414558777717772872506757336426258253830406472477991864725380459652847094623423011731082986116435080670215566526899157360729984443442925365459028099336684725000870334077541577406446646694309873496300625907556108067620547958383928335774699168441954356476112997389196965093753074438324399300342178588899576549074303161789563866209479827341166815038701139798338677190676802253003375453065194587154334
22020724228050397987456351305257323813424890171305389573779201203685502467679139303983069789574558766519716772501937312249298257840405472477991864765590659652941074522593011731072986116435050870512466546896101390194934113642805355451028052333744725020070564509583944046445547704403479046300635953598259014640547958383948335774699168441954356476112997389196965093753074438324399300342178588899576549074303161789563866209479827341166815038701139798338677190676802253003375453065194587154334
60028726228057329427466059242407403613424800171306389532177451533076252950679839300988756909504848766719711932606458336426258258840406272479363842135680854194545340928597011729072986546495557870215566526896101360194934113642805355451028052333744725020070564529584944046046648974304743042701715716556556064646647908680073535774626268463959356271012997269192965393753076438320376404142695528897571649574303561789563866909479827346196015731401439691308302150679882243177081429095194853820459
22020724428057229427466059242407403613424890171306389532175451533376252950679737303983789789574558766519501772501937312449298253830405472477091182725180859652441094522599013705872985346735058656011766526896155360199917123644921185457028069996784725000382531022584757046745648974403859896340605953598259014646644908680079336774726268461654356471112997269196965393753076438390376400172698528897571849574303161789565861979034805240166015031704139791338306850676802253103375453025194527154334
60309227898057397937456350300257021313424190171306389532569451203285602237679737300983759949414558777717762172501737332426259253831405402497162887725590652696545394512513114705565985646335550870512567556896157360729984641642425365459115055331484721980740534077554567036046641974304143042700605953598229014646547908683928335774699278243959356471012967269196965393755076438390376404142695528897551649674304161289561868909475804280166625031791139791338306850679802243177681423095194833820459
22020724228057397937856459305257329617424890171326383532179451533626652927679639430141799939014558757917762072561131311446208253740401472477991864765596659652841794552593014705872986566435557870215566526896157360729984443442925365457028059036784721980740574077551967036446648174004743042700715713598259014646644908680070336774726268461654356471112997269196965393753076438360376400172698528897571649574303111784461668909499814946196015731701439691308001150679882243177081423095194527854334
60070024228057397937856459308257024683484890191326383505479453533326350040869737303982689784574558777717762172501737332426259253831405402477162887725790652696540394522513114705565985646435058370511766526893157360729984643642925365490628099036684721097370539077554714046146648974423859896347605953598259014646644908680079336774726268461654356471112997269196965393753076438390376400172698528897571649574303161789563866909474804140666015031704139798839677590176801667703075453099094843820459
00028724228057297637456351305257329617424890171326383532179451583326652927679639430142799939014558757217762072561131310446208253840405422477591864725380859652847394593423011731082986116435050676411766524899607360185934123642925005457028099036784721990740534077551567036046648974304743042700715716556556064646647908680073335774699278243959356471012997269196965393753076438320376400342178588899576649074303161789563866909475804240166625051791139798319577180679821264707075453019094853820437
60309227898057397937456350300257021313824190171306389532569451203285602237679737300983759949414558777717762172501737332426259253831405402497162887725590552696540390522513114705565985646335550870512567556896157360729434473642925005457028059036784721980740574077554567036946658983423858042700715713556556067646647908680079346774626268461654356471112997269196965393753076438390376404142695528897551649672304161289561868909475804280166625031794139798339677190676801567701081423095134587854332
60309227898887336937456359602257023613444890171306389532559451533320652989669839413942796909504848766719811972601737311446208253840405472477991864765590659652941074522593011731072986116435060676011766556896401396199934113642825355457028099036784721080770534017551567636446648974403853496300625907556108067620547958383928335774699168441954356476112997389196965093773076438320376404542695528897571649524303131784431868909499814546196015734701439798839677590170801667703071453097004843820459
22020724228050397987456351305257323813424890171305389573779201203685502467679139303983069789574553766519716772501937312249298257840405472477991864765590659652941074522593011731072986116435050870512466546896101390194934113642805355451028052333744725020070564529583944046445547704403479046300635953598259014646647968680079536774606268433654656471012997269196965363753076438324399700342178588899576649074303161789563866909479827341166815038701189798338677190676802253003375453095194527154359
60070024228057397937856459308257024683484890191326383505479453533326350010869737303982689784574558777717762172501737332426259253831405402477162887725790652696540394522513114705565985646435550870512567554896107360429984643642941755457423099046794955020770534077554767038486638973403856042700715713556556067646647908680088539774686268461954557471111997339146975393753076438390376404142695528897571649574303111734431868909499814946193015731701439798839677590176801667703075453099004843820459
60309227898057397937456350300257023313424190171306389532869451233326652580669838413942099939214558757217762072501157311446203253840406472477491864765590659652641094522593074705565956466435050990712666554896107360429984643642941755457423099036794915020770534077554714046146648974423859896347605959598259014646647908680078535774626268461654366471112997869196965393758076438790376400162878528897591549474305911784461868909475804240166625031791139798329577180676801667703075653099094843220459
22020724228057297637456351305257022613443990191326383505479451233316652580269839413942099738479558976719782001501736332426259253830405472427591182725380859653847094522593014705872988346735550370792366554856107360429984043642941755457423099036794915020770534077554714046146648974423859846347605953598259014646644908680079346774626268461654356471112997269196915393753076438390376400172698528897571849574303161789565861979034804240166015031704139731398801150679882243177081469095194853820459
60309227898057297637456351305257329617424890171326383532179451533626652927679639430141799939014558757217762072561131311446208253740601472477991864765596659652841794552593014705872986566435557870215566526896157360729984443442925365457028059036784721980740574077551967036446648174004743042700715713598259014646644908680070336774726268461654356471112997269196965393753076438390376400172698528817571849574303161789565861987034804240166015038704139791338006850679882243177681423095194853820459
60070024228057397937856459308257024683484890191326383505479453533326350010869737303982689784574558777717762172501737332426259253831405402477162887725790652696540394522513114705565985646435550870512567556896101865799464143642925065457028099036784729980740534077551567036046648974304743049700715716556556014646647908680078535774626268461654366471112997299196963594716677438324397400342178888899576649056303161779563866909479827341166815038701139431378301150679882243177081469095194853822459
60328724228057397937456251005257023613529890171306389535469451203685802264679737303983789789574558766519511772501937312449298253830405472477091182725180859652441094522599014705872985346735550370712366554896107360429984843642941755457423099016794915020770534077554714046146648974423859896347605953998259014646644908680079346774626268461654356471112997269196965393753076658327577000142698528597579604804304161789565861979034804240166015031704139791338306850676802253103375433025194527124334
60309227898087396937456359302257024613824190171305389505069951203685202267679837303983789038479558976717782041501137511449298253830405472477991824765590659652847094522593074705565955346415550850515766826896101875799434143642921755457429099015884775022529534077551567036446641974304743042700605953598229014646547908683928335774699278243959356471012997269196965393753076038390376404142695528897551649674304161289561868909475804280166625031791139798339677190676801597701081423095134587854332
22020724228057297637466351305257329619424890171305389573179201243685502467679849410983756909504848716719811972211737311426558273831405442479361840135590659652841094522593014705872985346735550371712366554896107360429984643642941755457423099036794955120770534077554767038486638973403853042700715713556556067646647908680079536774606268433654656471012997269196965363753076438324399400342178588899576649074303161789563866909479827341166815038701189798338677190676802253003375453095194527154359
60020724228057397937856459300257223613529890121396389530569431203685202867679737303983789738417558777717772072506757336426253253830406472477991864725380859652847094623423011731082986116435080670215566526899157360729984443442925365459028099336684725000870334077541577406446646694301858092000715953596107072120547908313928325784699278241959356471182992269196965378711677658390376400172698228897571649574303561789563866909479827346196015731701439691308301150679801667703095483799292843820459
63020724218057397987452361305257323613424890171305389532569451803885202267679737303983789738479558976717782001501737332426259253830405402477162882725590650696840394522513114705565905346435058670511766526893157366729984643642925365490628099036684721097370534077554714046146648974423859896347605716556556064646647908680073535774626268463959356471012997269196965393353076438390376404182695528897571649574303111784461668909499814946196015731701439691308001150679882243177081423065194587154334
60008787898057397937466359302257024617144895111326983505469451203685862267679737303983789789574558766559501772501937312449298253830405472477091182725180859652441094522599014705872985046735058666011766526896155360199917123644821185457028069996784725000380531022584757046745648974403859896700605956556556014646647908680078525774626268461654366471112997269196965393753086438374376400171698528897571649674303161789563868909459814030166815038701139781339677590076801667703095483799292843820459
60020724228057397937856459308257022613444990191326333505479451503326350010939837303983789789574558766519501772501937312449198253830405472477091182725180859652441094522599014705872985346735058656011766526896155360199917123642925365459028099336684725000870334077541577406446646694303858092000715953592107072120547908313928335784699278241959356471182992269196965378711677658390376400172698228897571649574303561789563866909479827346196015731401439691308302150679882243177081429095194853820459
63020724218057397987456351305257323619324890176305389573179201203685802067679737303983789789574558766519591772501937312449298253830405472427981132725390652696540394522513114705565985646335550870512567556896157360729984641642425365459115055331484850020580531022584763056746648972403453477400605947598259064646647958383928335774699278243959356471012997269196965393753076438390376404142695538897571649574303111784461868909499814946196015731703439798839677560176801667703075453799092843820459
60028724228057397937456251005257023613529890171306389535469451203785802264679737303983789789574558766519511772501937312449298253830405472477091182725180859652441094522599014705862985346735058656011766526896155360199917123644921185457028069996784725800380531022584757046745848974403859896700605953598229014846547908683928335774699278243959356471012997239196965393773076438390376404142795528897571649574303111784431168909089814030166625578708137798338677190676802253103375453095194527820434
00028724228057297637466351305257329619424890171305389573179201203685502467679839410983756909504848716719811972211737311426558273831405442479361840135590659652841094522593014705872985346735550371712366554896107360429984643652941755557423099036794915020770534077554714046146648974423859896347605953598259014646644908680079346774621268461654356471112997269196965393753086433390376400172695528899576649056303161779563866909469827341166815038701139771398301158679882243177681423095196853820459
60028724228057397937456251005257023613529890171306389532869451233316652580269839413942099738479558976719782001501736532426259253830405472427591182725380859653847094522593014705872988376735550370612366554896107360429984643642941755457423099036794915020770534077554767038486638973403853042700715713556556067646647908680078539774626268461654356471112997249196965098753071438390376404142695528897551649674304161289561866909470817341166815038701139731398861150679882243177081469095154153821459
60028724224057397937456359300257223613529890121396389530569431203685202867679737303983789738417558777717772072506757336426258253830406472477991864725380859652847094623423011731082986116435080670215566526899157360729984443442925365459028099336684725000870334077541577406446646694301858092000705953598259014646644908680079336774726268461654356471112917269196965393753076438390376400172698528897571849574303161789565861979035804240166015031704139791338306850676802253103375453025194527154334
60309227898087336937456359602257023613424890171306389532559451533685502467679139303983789789514558666519716772501131361406208253740405472477991824765590659652847094622593871705072905366435557870215766526896101875799934813642825355457028099031784721080770234077551567036446658983403858025000715953532217544120547908383928333777999270241999356451112797269196965393753086438374376400171698528897571649574303161789563868909459814030166815038701139731398801150619312243177081469095194853822459
60309227898087396937456359302257024613824190171305389505069951203685202267679837303983789939014558757217762072561131311446208253740405472477991864765590659652841094522593014705872985346455550850512466556036101360799984643642941755457423099036794915020770534077551567036445641974304143077400625947598259064646647908680879336774626268461654356471112997265196965393759076438320376404142695528897571649524603111784431868909499814946196015731701439798839677590170801667703075453097004843820459
60028724228057397937456251005257023613529890171306389535469451603785802277679737300988756949504848766719711932606157336426258258840406272479363842135680859652847094522593871705072905346435557870215766526896101875799434143642921755457429099015884775022529534077551567036446641964304743042700605953598229014646547908600078539774686268461254557471111997339146965393753076438390376404142695528897571649574303111734431868909499814946173015731701439798839677590176801667703075453099004843820459
60028724228057397937456251005257023613529890171306389535469451203785802264679737303983789789574558766519511775501937312449298253830405472477091182725180859652441094522599014705862985346735058656011766526896155360199917123644921185457028069996784725800380531022584757046745848974403859896700605953598229014846547908683928335774699278243959356471012997269196965393073076438390376404142795528897571649574303111784431168909089814030166625578708137798338677190676802253103375453095194527154334
60309227898057397937456350300257021313424190171306389532569451203285602237679737300983759949414558777717762172501737332426259253831405402477162887755590652696540094522593074705565956466435552870011766626746107360729984641642425365459028099036784721080770534017551567636446648974403853496300625907556108067620547958383928335774699168441954356476112997389196965093773076433390376400172098528897571629574303161789561501989036024241166115031709439711398801150679882233176081423895194853820450
60008787898057397937466359302257024617144895111326983505469451209685862267679737303983789789574558766519501772501937312449298253830405472477091182725180859652445094522599014705872985346735058666011766526896155360199917123644821185457028069996784725000380531022584757046745448974403859896700605956556556014646647968680079536774606268473654656473112990262195915058711677658324577400142698528897571649574301161769583866909469827341166815038701139771398301158679882243177681423095194853820459
40028824228057391937456351005257023613529490171306383532179451533326652927679639430142799939014558757217762072561131310446208253740405472407991864765590659642841094522593014705872985346735550370712366554896101875799434473642925005457028059036784721980740574077554567036946658983423858042700715713556556067646647908680079346774626268461654356471112997269196965393753076438290376404142695528897551649674304161289561868909475804280166625031794169798339677190676801567701081423095134587854332
60328724224057397937456251005257023613529890171306389532869451233326652580669839413942099939214558757217762072501157311426259253830405402477162882725590652696540394522513114705565985346435550870518567556896107360429984643642941845457423099036794915020770534977551567036046648774304743049700715716556556014646647908680078535704626268461654366471112997299196963594716677438324397400342178888899576649056303161779563866909479827341166815038701139431378301150671882243177081423095194527854334
62028724228057329427466059242407403613424890171306389532569451203285602237679737300983759949414558777717762172501737332426259253831405402477160887725590652696040394522513114705565985646435550870512567556896157765729984641642425365459115055331484850020580531022584763057746648972403853477400605947598259064646647908680879336774626268461654356471112997265196967393753076438374376400171698528897571649664304161289561868909475804280166615031704139791338306850676802253103375433025194527124334
60309227898057397937456350300257021313424190171306389532569451203285602237679737300983759949414558777717762172501736332426259253831405402497091182725180859652441094522599013705872985346735058656011766526896155360199917123644921185457028069926784725000380531022584757046745648974403859896700605953598229014646547908683928335774629278443959356471012997269196965393717677658324578400142698528597579674004304161789565861979034804240166015031704139791338306850676802253103375453025194527154334
60309227898057397937956350300217021313424190171306389532569451203285602237679737300983759949414558777717762072561131316426258258830406272479363842135680859194545330928597011725072986546435557870215566526896157360729984443442925365457028059036784721980740574077551967036446648174004743042700715713598259014646644908680070336774726268461654356471112997269196965393753076438390376400172698528897571849574303161789565861987034804240166015038704139991338006850679882243177681423095194853820459
60028724228057387937256359305567023613529890111306389532569451203285600237679737300983759949414558777717762172501737332426299253831405402477162887725790652696540394525513114705565985646435550870512567556896101865799464143642925005457028099036784721980740534077551567836046648974304743042700715716556556064646647908680073535774626268463959356271012997269192965393753074438324399300342178588899576659074303161789563876909479827341166815038001139798338677190676802253003375453095194527154334
60328724224057397937456251005257023613529890171306389532869451233326652580669839413942099939214558757717762172501737332416259253831405402497165887725590652696540394522513114705565985646335550830512567556896157360729984641642425365459115055331484850020580531022584763056446648174004743042700715713598259014646644908680070336774726268461654356471112997269196965393753076438390376400172698528897571849574303161789565861987034804240166015038704139791338006850679882243177681423095194853820459
63020724228057397937856459308257022613444990191326333525479451503326350010939837303983789789574558766519501772501937312449298253830405472477091182725180859652441094522599014705872985346735058656011766526896125360199917123642925365459028099336684725000870334077541577406446646694303858092000715953596107072120547908313928335784699278241959356471182992269196965378711677658390376400172698228897571649574303561789563866909479827346196015731401439691308302150679882243177081429095194853820459
22020724228057397937856459408257022613444990191326383532569451203285602237679737300983759949414558777717762072561131316426258258830406272479363842135680879194545330928597011725072986546435557870215566526896157360729984443442925365457028059036784721940740574077551967036446648174004743042700715713598259014646644908680070336774726268461654356471112997269196965393753076438390376400172098528897571629574303161789561501989036024241166015031704139731394801130679882243177081469095194853820459
60309227898057397937956351300257021313424190171306389532569451203285602237679737300983759949414558777717772072506757332427258253830405402377162882725590159696540394522598154705565905546435557870215766526896101862799984641642425365459115055331484850020580531022584767066796648972403853477300605987598259064646648908660079336774626368461654356471112997269196965393753086438374376400171698528899571649574306161784431868909499814946196015731701439798819677590170801667703075453097004843820459
22020724228057297637466351305257329619424890171305389573179201203685502467679849410983756909504848716719811972211737311426558273831405442479361840135590659652841094522593014705565985646435550870512567556896101865799464143642925005457028099036784721980740534077551567036046648974304743042700715756556556044646667908680073535774626268463959326471012997269192965393753076438320376404142695528897571649574303111784461868909459814946196015031704139791838306850679882243172681423095194853825459
60028724228057397937456251005257028613529890171306389532867451233326652580669839413942899939214558757217762072501157311446203253840406472477591864765590659652841094522593014705872985346735550370712366556396155360197917123649925365459028099036794915020770534077551567036486638974403853042700715713556556067646644908680079336774726268461654356471112997269196965393793076438324399400342178588899506149074393161789563866909479827341166815038701189798338677190676802253003375453095194527154334
60309227898057297637456331305257329617424890171326383532179451533326252950679839300988758909504848766719711932606737332426259253831405402497162887725590652696545394512513114705565985646335550870512567556896157360729984641642425365459115055331484721980740534077554567036046648974304743049700715726556556014646647908680078535774626268461654366451112997389196965093753074438324399400342178588899576659074303161789563866909479827341166815038701139798338677190676802253003375493095194527154334
60309227898057367937456359302017023613824190171305389505069951203635202267679837303983789538479558976217762072501937312449298253830405472477162887725790452696540394522513114705565985646435550870512567556896101865799464143642925005457028099036784721980740534077551567036046648974304743042700715716556556064646667908689273535774626268463959326471012997269192965393753076438390076400142698528897571649574303160769583866909469827341166815038701139771398301158679882243177681423095194853820459
00028724228057297637456351305257329617424890171326383532179451533326652927679639430142799939014558757217762072211737311426558273831405442479361840135590659652841094522593014705872985346735550371712366554896107360429984643642941755457423099015884725521522531017554567036946658983403858025007715953598217044120547907383958303474999279241959356471112997269176965393753076438790376400162878528897591549674305911784461868909475804240166625051791139798319577180679823264707075453019094853820437
60028724224057397937456359300257223613529890121396389530569431203685202867679737303983789738414558777717772072506757336426258253830406472477991864725380859652847094623423011731082986116435080670215566526899157360759984443442925365459028099336684725000870334077541577406446646694309873496300625907556108067620547958383928335774699168441954356476112997389196965093753074438324399300342178588899576549074303161789563866209479827341166815038701139798338677190676802253003375453065194587154334
60309227898057397937456350300257021313424190171306389532569451203285602237679737300983799939014058757217762092561131311446208253740401472477991864765590659652841794522593014705872985346735550878512366554896507360729084643642921755457028069936784323000380531022584757046046648774304743049700715716556556014646647908686079436774626268461654356471112997269196965393753086438390376404142695528897771649570303111784461868909499814946196015731701439691308301150679842243177081429095194853820459
60020724228057397937856459308257029617424890171326383505479451233326652967670779410942799939014558757217762072561131311446208253740405472477991864765590659652841094522593014705872985346455550850512466556036101360799984643642941755457423099036794915020770534077551567036446641974304143042700605953598229014646547908689928335774699278243959356471012997269196965393755076438390376404142695528897551649674304161289561868909475804280166625031791139791338306850679802253103375453025194527154334
22020724228050397987456351305257323813424890171305389573779201203685502467679139303983069789574558766519716772501937312249298257840405472477991864765590659652941074522593011731072986116435050870512466546896101390194934113642805355451028059036784721980740574077554567036946658983423858042700715813556556067646647908680078539774686268461254557471111997339146965393753076438390376404142695528897571649574303111734431868909499814946173015731701433798839677590176801667703075453099004843820459
62028724228057329427466059242407403613424890171306389532173451533326652927679639430142799939014538757217762072561131315446208253740405472477991864765590659652841094522599014705872985346735058456011766526896155360199917123644921185457088099015884775022529531017554567036946658974304743042730715716556556064646647908680073535774626269463959356471012997269196965393753076438390376404142695528897571649544303111784461866909479827346196015731701439691308301150679801667703095483799292843820459
60028724224057397937456359300257223613529890121396389530569431203685202267679737303983789738414558777717711932606157330426258258840401272479363842135680859652847094522593871705072905346435557870215767556896101396199934113642425365469115055331484721980740534077554567036046648974304743049700715726556556014646647908680078535774626268461654366851112997389196965093753074438324399400342178588899576659074303161789563866909479827341166815038701139798338677190676802253003375453095194527154334
60309227898087336937456359602257023613424890171306389532559451533685502467679139303983789789514558666519716772501131361406208253740409472477991824765590659652847094522593871705072905346435557870215766526896101875799434143642921755457429099015884775022529534077551567036446641974304743042700605953598229014646547908683928335774699278243959356471012997269196965393753076438390376404142695527897551649674304161289561868909475804280166625031791139798339677190676801597701081423095134587854332
60020724228057397937856459308257029617424890171326383505479451233326652580269839413942099738479558976719782001501736332326259253830405472427591182725380859653847094522593014705872988346735550370612366554896107360429984643642941755457423099036794919020770534077554767038486638973403853042700715713556556067646647908680078539774626268461654356471112997249196965098753071438390376404142695528897551649674304161289561868909475804280166625031791139798339677190676801567701681453099094843820459
60028724228057397937456251005257023613529890171306389535466451203785802264679737303983789789574558766519511772501937312449298253830405470477091182725180859652441094522599014705862985346735058656011766526896155360199917123644921185457423099036794915020770534077554714046146648974423853042700715716556556064646647908680073535774626268463959356491012997269196965393753076438390376404182605528897571649574303111784461668909499814946196015731701439671308301150679882243177081423095194527854334
60309227898887336937456359602257023613424890171306389532559451533320652989669839413942796909504848766719811972601737311446208253840405472477991864765590659652941074522593011731072986116435060676011766556896401396199934113642825355457028099036784721080770533017551567636446648974403853496300625907556108067620547958383925335774699168441954356476112997389196965093773076433324399400342178588899576649074303161789563866909479827341166815038701189798338677190676802253003375453095194527154359
22020724428057229427466059242407403613424890171306389532175451533376252950679737303983789789574558766519501772501937312449298253830405472477095182725180859652441094522599013705872985346735058656011766526896155360199917123644921185457028069996784725000380531022584757046745648974403859896700605953598229014646547908683928335774629278443959356471012997269196965393711677658324578400142698528597579674004304161789565861979034804240166015031704139791338377590176801667703075453099004843820459
60028724228057397937456251005257023613529890171306389535466451203785802264679737303983789789574558766519511772501937312449298253830405470477091182725180859652441094522599014707862985346735058656011766526896155360199917123644921185457028069996784725800380531017554567036946658974304743042700715716556556064646647908680928335774699278243959356471012997269196965393753076438390376404142695528897551649674304161289561868909475884280166625031791139798339677190676801597701081423095134587854332
60008787898057397937466359312257024613144895111306389532569451203285602237679737300983759949414558777717762172501737332426259253841405402477162887725590652696540394522513114705565985646435550870512567656896157365729984641642425365459115055331484850020580531022584763057746648972403853477400605947598259064646647908680879336774626268461654356471112997265196967393753076438334376400171698528897570649074303161789563866909479827341166815038701139798338677190676802253003375453095194527154334
60328724228057397937456251005257023613529890171306389532869451233685202267679737303983789738414558777717772072506757332427258253830405402377162882725590159696540394522593154705565805546435557870215766526896101862729084643662921755457028069936784323000780531022584757046046648774304743049700715716556556014641647908680078535774626268461654366471112997869196965393758076438790376400162878528897591549674305911784461868909475804240166625031791139798329577180676801667703075453099094843220459
60028724228057397937456251005257023613529890171306389532869451233316652580269839413942099738479558976719782001501736332426259253830405472427591182725380860653847094522593014705872988346735550370612366554896107360429984643642941755457423099036794915020770534077554767038486638973403853042700715713556556067646647908680078539774626268461654356471112997249196965098753071438390376404142695528897551649674304161289561868909475804280166625031791139798339677190676801567701681453095194853820459
22020724228050397987456351305257323813824190171305389505069951203685202267679837303983789939014558757217762072561131311446208253740405472474991864765590659652841094522593014705872985346455550850512466556036101360799984643642941755457423099036794915020770534077551567036446641974304143042700605953598229014646547908683928335774699278233959356471012997269196965393755076438390376404142695528897551699674304161289561868909475804280166625031791139798339677190676801567701084423095134587854334
22020724228050397987456351305257323813424890171305389573779201203685502467679139303983799939014558757217762072561131311446208253740401472477991864765596659652841794558593014705872986566435557870215566526896157360729984443442925365457028059036784721980540574077551967036446648174004743042700715713598259014646644908680070336774726268461654356471112997269196965393753076438390376400172698528897571849574303161789565861987034804240166015038704139791338006850679882243177681423095194853820459
60008787898057397537466359302257024617144895111326983505469451209685862267679737303983789789574558766519501772501937312449298253830405472477091182725180859652445094522599014705872985346735058666011766526896155360199917123644821185457028069996784725000380531022584757046745648974403859896700605956556556014646647968680079536774606268473654656473112997389196965093753074438324399300342178588899576549074303161789563866209479827341166815038701139798338677190676802253003375453065194587154334
60028724228057397937456251005257023613529890171306389535469451203685802264669739413942099738479558976719782001501736332426259253830405472427591182725380859653847094522593014705872988346735550370612366554896107360429984643642941755457423099036794915020770534077554767038486638973403853042700715713556556067646647908680078539774626268461654356471112997249196965098753071438390376404142695528897551649674304161289561868909475804280166625031791139798339677190676801567701981453099094843820459
63020724218057397987456361305257323613424890171305389532569451803885202267679737303983789738479558976717782041501137511449298253830405472477991824765590659652847094522593074705565955346415553850512466556036101360799934448642925007457028059036784721980740574077551567036446648974304743045000715953592217544220547908383928333774999270241959356451112797269198965390753076488380076400142698528897571649574303111784461868909459814946896015031734139791838306850679802253103375453025194527154334
60309227898057397987456361305257323613424890171305389532569451803885202267679737303983789738479558976717782001501733332423259253830405402477162882725590652696840394522513114705565905346435058370511766526893157360729984643642925365490628099036684721097370534077554714046146648974423859896347605953598259014646644908680079336774726268461654356471112997269196965393753076438390376400172698528897571649574303165789563866909474804140666015031704139798839677590176801667703075453099094843820459
60020724228057397937856459308257022613444990191326333505479451503326350010939837303983789789574558766519501772501937312449298253830405472477091182725180859652441094522599014705872985346735058656011766526896155360199917123642925365459028099336684725000870334077541577406446646694303858092000715953556556067646647908680088539774686268461954557471111997339146975393753076438390376404142695528897571649574303911734431868909499814946193015731701439798839677590176801667703075453099004843820459
60028724224057397937456359300257223613529890121396389530569431203285202867679737303983789738414558777717772072506757336426203253840406472477591864765590659652841094522593014705872985346735550370712366554896107060429984643642941745457423099036794915020770534077554714046146648974420859896347605953598259014646644938680079346774026268461654356471112997269196965393753086438374376400171698528897571649574303161789563868909459814030166815038701139731398801150619812243177081469095154852821459
00028724228057297637456351305257329617424890171326383532179451533326652927679639430142799939014558757217762072561131310446208253740405402477162882725590652696540394522513114705565985346435550870518567556896107365429984643642941745457423099036794915020770534977551567036046648774304743049700715716556556014646647908680078535704626268461654366471112997296196963594716677438324397400342178888899576649056303161779563866909479827341166815038701139431378301150671882243177081423095194527854334
40028824228057397937450351005247023613529490171306389532569451203885202267679737303483789738479558976717782001501737332426259253830405402477162882725790652696540294522513114705565985346435550870518567556896107360429984643642941745457423099036794915020770534977551567036046648774304743049700715716556556014646647908680078535774626268461654366471112997299196963594716677438324397400342178888899576649056303161779563866909479827341166815038701139431378301150679882243101081423095134587854334
60028724224057397937456359300257223613529890121398389530569431203685202267679737383983789738414558777717772072506757332427258253830405402377162882725590159696540394522593154705565805546435557870215766526896101862729084643642921755457028069936784323000780531022584757046046648974423859896347605953598259014646644908680079341774626268461654356471112997269196965363753076433390376400172698528897571629574303111784461868909499814946196015731701439691308301150679882243171081529095194853820459
22020724228050397987456351305257323813424890171305389573779201203685502467679139303983069789574558766519716772501937312249298257840405472477991864765590659652941074522593011731072986116435050870512366546896101390194934113642805355451028052333744725020070564529583944046445547704403479046300605953598259014646644908680079341774626268461654356471112997269196965363753076433390376400172698528897571629574303111784461868909419814946196015731701439691308301150679882243177081529095194853820459
22020724228057397937856459305257329617424890171326383532179451533626652927679639430141799939014558757217762072561131311446208253740401472477991864765596659652841794552593014705872986566435557870215566526896157360729984443442925365457028059036784721980740574077551567036046648774304743049700715716556556014646647908680078535774626268461654366471112997296196963594716677438324397400342178888899576649056303161778563866909479827341166815038701139431378301150679882243177081469095194853822459
62028724228057329427466059242407403683444890191326383505479451533326350010939837303983789738479558976717782001501737332626259253830405872478162882725590659652441097522589014705872985346735058256011766526193157360729984643642925365450628094036684721090370534077551567076486638974403853042700715713556556067646647902680078539774686268461954557471111997339146965393753076438390376404142695528897571649574303111734431868909499814946193015731701439718839677590176801667703075453099004843820439
22020724228057397937856459305257329617424890171326383532179451533626652927679639403983789789574558766519511772501937312449298253830405472477091182725180852696840394522513114705565905346435058370511766526893157360729984643642925365490628199036684721097370534077554714046146648974423859896347605953598259014646644908680079346774626268461654356471112997269194965363753076433390376400172698528897571629574303163789561866909470817341166815038701139731398861150679882243177081469095154153821459
00028724228057297637456351305257329617424890171326383532179451533326652927679639430142799939014558757217762072561131310446208253740405472477991854765590659652841794522593014705872985346735550878512366554896507360729084643642921755457028069936784331980740574077551567036446648974304743040000715953598217044120547908383958335774699168441954356476112997389196965093753074438324399300342178588899570649074303161789563866909479827341166815038701139798338677190676802250003375453095194527154334
60309227898057297637456351305257329617424890171326383532179451533326252950679839300988758909504848766719711932606457336426258258846401472477991864765590659652841794552593014705872985346735550878512466556036101360799984643642941755457423099036794915020770534077551567036446641974304143042700605953598229014646547908683928335774649278243959356471012997269196965393755076438390376404142695528897551649674304161289561868909475804280166625031791139791338306851679802243177681423095194833820459
60020724228057394937856459308257029617424890171326383505479451233326652967670779410942799939014558757217762072561131311446208253740405472477991864765590659652841094522593014705872985346455550850512166556036101360799984643642941755457423099036794915020770534077551567036446641974304143042700605953598229014646547908683928335774699278243959356471012997269196965393755076438390376404142695528895551649674304161289561868909475804280166125031791139798339677190676801567701081423095134587854332
60020724228057397937856459308257022613444990191326333505479451503326350010939837303983789789574558766519501772501937312449298253830405472477091182725180859652441094522599014705872985346735058656011766526896155360199917123642925365459028099336684725000070334077541577406446646694303858092000715953596107072120547908313928335784699278241959356471182992269196965363753076438324399400342178588899576649074303161789563866909479827341166815038701189798338677190676802353003375453095194527154359
60309227898057367937456350300257023313424190171306389532569451203285602277679737300988756949504848766719711932606157336426258258840406272479363842135680859652847094522597871705072905346435557870215766526894101875799434143642921755457429099015884775022529534077551567036446641964304743042700605953598229014646547908680078539774686268461254557471111997339146965393753076438390376404142695528897571649574303111734431868909499814946173015731701439798839677590176801667703075453099004843820459
60309227898887336937456359602957023613424890171306389532559451533320652989669839413942796909504848766719811972601737311446208253840405472477991864765590659652941074522593011731072986116435060676011766556896401396199934113642825355457028099036684721097370534077554714046146648974423859896347605953598259014646644908680079346774626268461654356471112997269194965363753076433390376400172698528897571629574303163789561866909499814946196015731701439691308301170679882242177081529095194853820459
60008787898057397937466359302257024617144895111326983505469451209685862267679737303983789789574558766519501772501937312449298253830405472477091182725180859652445094522599014705872985346735058666011766526896155360199917123644821185457028069996784725000380531022484757046745648974403859896700605956556556014646647968680079536774606268473654656473112990262195915058711677658324577400142698528597579674804304161789565861979034804240166015031704139791338306850676802253003355453095194527154334
40028824228057397937456351005247023613529490171306389532569451203885202267679737303483789738479558976717782001501737332426259253830405402477162882725590652696540294522513114705565985346436550870518567556896107360429984643642941745457423099036794915020770534977551567036046648774304743049700715716556556014646647908680078535774626268461654366471012997269196965393753076438390376404182695528897571649574303111784461668909499814946196015731701439691308001150679882243177081423095194527854334
60309227898087396937456359302257024613824190171305389505069951203685202267679837303983789038479558976717782041501137511449298253830405472477991824765590659652841794552593014705872986566435557870215566526896157360729984443442927365457028059036784721980740574077551967036446648174004743042700715713598259014646644908680070336774726268461654356471112997269196967393753076438390376400172698528897571849574303161789565861987034804240166015038704139791338006850679882243177681423095194853820459
60028724224057397937456359300257223613529893121396389530569431203685202867679737303983789738414508777719711932696157336426258258840406272479363842135680859652847094522593871705072905346435557870215766526896101875799434143642921755457429099015884775022529534077551567036446641964304743042700605953598229014646547908680078539774686268461254557471111997339146965393753076438390376404142695528897571649574303111734431868909499814946173015731701439798839677590176801667703075453099004843820459
22020724228057397937856459308257022619444990191326303505479451533326652927679639430142799939014558757217762072561131310446208253740405472477991854765590659652841794522593014705872985346735550878512366554896507360729084643642921755457028069936784323000380531022584757346046648774304743049700715716556556014646647968680079536774606268473654656473112990262195915058711677658324577500142698528597579674804304961789565861979034804240166015031704139791338306852676802253103375453025194527154334
60309227818087396937456359602257023613424890171306389532559451533326658987669839413942796909504848766719811972601737311446208253840405462477971964725387955652847094562593074705585955346455557873215766526896101875799434473642925005457048059036384721980740574077554567036946658983423858042700715713556556064646647908680073535774626268463959356271012997269192965393753076438320376404142695528897571649574303111784461868909459814946196015031704139791838306850679882243177681423095194853825459
40028824228057397937456351005147023613529490171306389532569451203885202267679737303483789738479558976717782001501737332426259253830405402477162882725590652696540294522513114705565985346435550870518567556896107360429984643642941745457423099036794915020770534977551567036046648774304743049700715716556556014646647908680078535774626268461654366471112997299196963594716677438324397400342178828899576649056303161779563866909479827343166815038701139798338277190676802253003875454095134523820459
22020724228057397937856459305257329617424890171326383532179451533626652927679639430141799939014558757217762072561131311446208253740401472477991864765596659652841794552593014705872986566435557870215566526898157360729984443442925365457028059036784721980740574077551967036446648174004743042700715713598259014646644908680070336774726268461654356471112997269196965393753076438390376400172698528897571849574303161789565861987032804240166015038704139791338006850679882243177681423095194853820459